     0.290327
     0.290173
     0.290423
     0.290674
     0.290924
     0.290972
     0.291222
     0.291066
     0.291316
     0.291565
     0.291814
     0.291860
     0.291906
     0.292358
     0.292404
     0.292652
     0.292697
     0.292539
     0.292990
     0.293034
     0.293282
     0.293326
     0.293573
     0.293617
     0.293863
     0.293907
     0.293950
     0.294399
     0.294442
     0.294687
     0.294933
     0.294975
     0.295017
     0.295465
     0.295507
     0.295345
     0.295590
     0.295834
     0.296077
     0.295915
     0.296159
     0.296402
     0.296443
     0.296888
     0.296928
     0.297171
     0.297413
     0.297250
     0.297492
     0.297734
     0.297773
     0.298014
     0.298053
     0.298294
     0.298332
     0.298573
     0.298813
     0.299054
     0.299091
     0.299128
     0.299165
     0.299405
     0.299644
     0.299884
     0.299920
     0.299956
     0.299992
     0.300231
     0.300469
     0.300708
     0.300743
     0.300981
     0.301219
     0.301456
     0.301085
     0.301322
     0.301560
     0.301796
     0.301627
     0.301864
     0.302100
     0.302337
     0.302370
     0.302606
     0.302841
     0.303077
     0.302907
     0.303142
     0.303174
     0.303409
     0.303644
     0.303878
     0.304113
     0.304347
     0.304175
     0.304409
     0.304643
     0.304876
     0.304907
     0.304937
     0.305170
     0.304997
     0.305230
     0.305463
     0.305695
     0.305927
     0.305956
     0.306188
     0.306014
     0.306449
     0.306274
     0.306709
     0.306940
     0.306968
     0.307198
     0.307226
     0.307254
     0.307687
     0.307714
     0.307944
     0.307971
     0.308201
     0.308227
     0.308254
     0.308483
     0.308712
     0.308738
     0.308967
     0.309195
     0.309221
     0.309043
     0.309272
     0.309500
     0.309727
     0.309955
     0.309777
     0.310410
     0.310231
     0.310458
     0.310685
     0.310709
     0.310935
     0.310756
     0.311185
     0.311208
     0.311434
     0.311660
     0.311683
     0.311908
     0.312134
     0.311953
     0.312178
     0.312403
     0.312628
     0.312650
     0.312874
     0.313098
     0.313322
     0.312938
     0.313567
     0.313385
     0.313609
     0.313832
     0.314056
     0.314076
     0.314299
     0.314319
     0.314541
     0.314764
     0.314581
     0.314803
     0.315025
     0.315044
     0.315266
     0.315487
     0.315709
     0.315930
     0.316152
     0.315764
     0.315782
     0.316206
     0.316224
     0.316444
     0.316664
     0.316885
     0.317105
     0.317325
     0.317545
     0.316953
     0.317172
     0.317392
     0.317611
     0.317830
     0.318049
     0.317862
     0.318486
     0.318299
     0.318518
     0.318736
     0.318954
     0.319172
     0.318984
     0.319202
     0.319419
     0.319434
     0.319854
     0.319666
     0.319883
     0.320100
     0.319911
     0.320127
     0.320344
     0.320560
     0.320573
     0.320992
     0.321006
     0.321221
     0.321234
     0.321247
     0.321665
     0.321678
     0.321893
     0.321905
     0.322120
     0.322335
     0.322549
     0.322155
     0.322572
     0.322584
     0.323001
     0.323012
     0.323226
     0.323236
     0.323450
     0.323258
     0.323471
     0.323684
     0.323897
     0.323907
     0.324323
     0.324333
     0.324342
     0.324555
     0.324767
     0.324776
     0.324988
     0.325200
     0.325209
     0.325421
     0.325429
     0.325844
     0.325852
     0.326063
     0.326071
     0.326282
     0.326290
     0.326095
     0.326508
     0.326516
     0.326726
     0.326936
     0.327146
     0.327356
     0.326957
     0.327167
     0.327579
     0.327586
     0.327795
     0.328004
     0.328213
     0.328219
     0.328225
     0.328434
     0.328642
     0.328648
     0.328856
     0.329064
     0.329069
     0.329277
     0.329485
     0.329084
     0.329495
     0.329702
     0.329706
     0.329914
     0.330121
     0.330125
     0.330332
     0.330538
     0.330339
     0.330546
     0.330752
     0.330958
     0.331164
     0.331370
     0.331576
     0.331376
     0.331582
     0.331787
     0.331993
     0.331995
     0.332200
     0.332203
     0.332205
     0.332409
     0.332817
     0.332819
     0.333023
     0.333025
     0.333026
     0.333230
     0.333434
     0.333435
     0.333639
     0.333843
     0.334046
     0.333844
     0.334047
     0.334250
     0.334251
     0.334454
     0.334656
     0.334859
     0.335062
     0.335061
     0.335264
     0.335060
     0.335263
     0.335465
     0.335667
     0.335868
     0.335867
     0.335866
     0.336270
     0.335863
     0.336064
     0.336266
     0.336467
     0.336668
     0.336868
     0.337069
     0.336864
     0.337470
     0.337468
     0.337668
     0.337665
     0.337866
     0.338066
     0.338265
     0.338262
     0.338259
     0.338053
     0.338252
     0.338452
     0.338651
     0.338850
     0.339049
     0.339248
     0.339041
     0.339239
     0.339641
     0.339636
     0.339835
     0.340033
     0.340231
     0.340023
     0.340221
     0.340419
     0.340414
     0.340611
     0.340809
     0.340803
     0.341001
     0.341198
     0.341192
     0.341186
     0.341383
     0.341580
     0.341776
     0.341567
     0.341764
     0.341960
     0.342156
     0.342352
     0.342548
     0.342136
     0.342331
     0.342730
     0.342723
     0.342918
     0.343114
     0.343309
     0.343504
     0.343496
     0.343894
     0.343886
     0.343675
     0.343870
     0.344064
     0.344259
     0.344453
     0.344445
     0.344436
     0.344630
     0.344621
     0.345018
     0.345009
     0.345203
     0.345396
     0.345590
     0.345377
     0.345773
     0.345764
     0.345957
     0.345947
     0.346140
     0.346332
     0.346525
     0.346718
     0.346504
     0.346697
     0.346686
     0.346675
     0.347070
     0.347262
     0.347251
     0.347443
     0.347635
     0.347827
     0.347815
     0.347804
     0.347995
     0.347983
     0.348377
     0.348365
     0.348556
     0.348747
     0.348938
     0.348926
     0.348710
     0.348901
     0.349091
     0.349281
     0.349471
     0.349662
     0.349851
     0.349838
     0.350028
     0.349812
     0.350002
     0.349988
     0.350178
     0.350367
     0.350556
     0.350745
     0.350934
     0.350920
     0.351109
     0.351095
     0.351486
     0.351472
     0.351661
     0.351849
     0.351631
     0.351820
     0.352008
     0.352196
     0.352181
     0.352166
     0.352353
     0.352541
     0.352728
     0.352510
     0.352697
     0.352885
     0.353072
     0.353259
     0.353040
     0.353430
     0.353617
     0.353600
     0.353787
     0.353973
     0.354160
     0.354346
     0.354329
     0.354110
     0.354499
     0.354685
     0.354668
     0.354448
     0.355039
     0.354819
     0.355005
     0.355190
     0.355375
     0.355561
     0.355746
     0.355931
     0.355710
     0.355895
     0.356080
     0.356264
     0.356449
     0.356634
     0.356412
     0.356597
     0.356781
     0.356762
     0.357149
     0.357333
     0.357314
     0.357498
     0.357479
     0.357663
     0.357846
     0.358030
     0.358010
     0.357991
     0.357768
     0.358154
     0.358134
     0.358317
     0.358500
     0.358683
     0.358866
     0.358845
     0.358825
     0.359210
     0.359393
     0.359575
     0.359554
     0.359736
     0.359918
     0.360100
     0.360079
     0.360058
     0.360037
     0.360219
     0.360197
     0.360379
     0.360357
     0.360538
     0.360720
     0.360901
     0.361082
     0.361263
     0.361443
     0.361421
     0.361602
     0.361377
     0.361963
     0.361738
     0.361918
     0.362098
     0.362278
     0.362459
     0.362233
     0.362616
     0.362593
     0.362772
     0.362546
     0.363132
     0.362905
     0.363085
     0.363264
     0.363443
     0.363623
     0.363802
     0.363575
     0.363754
     0.363730
     0.364112
     0.364087
     0.364266
     0.364445
     0.364623
     0.364801
     0.364574
     0.364955
     0.364930
     0.365108
     0.365083
     0.365058
     0.365236
     0.365414
     0.365592
     0.365769
     0.365947
     0.366124
     0.365693
     0.365870
     0.366250
     0.366224
     0.366604
     0.366781
     0.366755
     0.366932
     0.366906
     0.367285
     0.367462
     0.367435
     0.367409
     0.367382
     0.367356
     0.367735
     0.367911
     0.367884
     0.368060
     0.368236
     0.368208
     0.368384
     0.368560
     0.368532
     0.368505
     0.368680
     0.368653
     0.368828
     0.369003
     0.368772
     0.368947
     0.369122
     0.369297
     0.369472
     0.369647
     0.369821
     0.369793
     0.369967
     0.370142
     0.370316
     0.370085
     0.370259
     0.370433
     0.370607
     0.370781
     0.370955
     0.371128
     0.371302
     0.371273
     0.371446
     0.371214
     0.371387
     0.371561
     0.371734
     0.371907
     0.372080
     0.372253
     0.372223
     0.372396
     0.372366
     0.372539
     0.372712
     0.372884
     0.372651
     0.372823
     0.372996
     0.373168
     0.373340
     0.373309
     0.373684
     0.373451
     0.373420
     0.373592
     0.373763
     0.373935
     0.374107
     0.374278
     0.374450
     0.374621
     0.374590
     0.374558
     0.374932
     0.374900
     0.375071
     0.374837
     0.375007
     0.374773
     0.375349
     0.375114
     0.375690
     0.375455
     0.375626
     0.375796
     0.375966
     0.376137
     0.376307
     0.376071
     0.376241
     0.376817
     0.376581
     0.376751
     0.376921
     0.376888
     0.377057
     0.377430
     0.377396
     0.377160
     0.377532
     0.377296
     0.377465
     0.377634
     0.377803
     0.377972
     0.378141
     0.378310
     0.378478
     0.378647
     0.378410
     0.378173
     0.378747
     0.378916
     0.378678
     0.378847
     0.379218
     0.379183
     0.379351
     0.379519
     0.379687
     0.379855
     0.380023
     0.379988
     0.379749
     0.380120
     0.380287
     0.380252
     0.380419
     0.380181
     0.380754
     0.380516
     0.380683
     0.380850
     0.381017
     0.381184
     0.380945
     0.381314
     0.381075
     0.381445
     0.381612
     0.381575
     0.381742
     0.381908
     0.382074
     0.382241
     0.382204
     0.382167
     0.382739
     0.382499
     0.382462
     0.382628
     0.382794
     0.382757
     0.383125
     0.383088
     0.383254
     0.383419
     0.383584
     0.383750
     0.383915
     0.383877
     0.383637
     0.383599
     0.383967
     0.384132
     0.384297
     0.384461
     0.384423
     0.384588
     0.384347
     0.384511
     0.384676
     0.384840
     0.385005
     0.385169
     0.385333
     0.385497
     0.385661
     0.385825
     0.385583
     0.385747
     0.385911
     0.386075
     0.386239
     0.386402
     0.386566
     0.386121
     0.386081
     0.386650
     0.386611
     0.386368
     0.386734
     0.386898
     0.387061
     0.387021
     0.387184
     0.387347
     0.387509
     0.387672
     0.387835
     0.387997
     0.387957
     0.387917
     0.387876
     0.388039
     0.388404
     0.388566
     0.388525
     0.388688
     0.388850
     0.389012
     0.389173
     0.388930
     0.389091
     0.389253
     0.389212
     0.389171
     0.389535
     0.389494
     0.389655
     0.389817
     0.389978
     0.390139
     0.389895
     0.390056
     0.390217
     0.390378
     0.390539
     0.390700
     0.390658
     0.390615
     0.390776
     0.390734
     0.390894
     0.391055
     0.391215
     0.391376
     0.391536
     0.391696
     0.391857
     0.392017
     0.391974
     0.392134
     0.392091
     0.392251
     0.392208
     0.392571
     0.392527
     0.392687
     0.392441
     0.392601
     0.392760
     0.392919
     0.393079
     0.393035
     0.393397
     0.393557
     0.393310
     0.393469
     0.393831
     0.393787
     0.393946
     0.394105
     0.393858
     0.394016
     0.394175
     0.394334
     0.394492
     0.394245
     0.394809
     0.394562
     0.394923
     0.394473
     0.394631
     0.394789
     0.394947
     0.395308
     0.395263
     0.395624
     0.395579
     0.395736
     0.395894
     0.395646
     0.396209
     0.396164
     0.395916
     0.396276
     0.396028
     0.396185
     0.396342
     0.396499
     0.396657
     0.396814
     0.396971
     0.397128
     0.397285
     0.397441
     0.397598
     0.397552
     0.397506
     0.397257
     0.397819
     0.397570
     0.397726
     0.397883
     0.397836
     0.398195
     0.398149
     0.398305
     0.398461
     0.398617
     0.398773
     0.398929
     0.399085
     0.399038
     0.398991
     0.398741
     0.399302
     0.399052
     0.399410
     0.399566
     0.399721
     0.399674
     0.399829
     0.399984
     0.400140
     0.400295
     0.400044
     0.400402
     0.400354
     0.400509
     0.400461
     0.400413
     0.400771
     0.400722
     0.400877
     0.401235
     0.401186
     0.401341
     0.401495
     0.401650
     0.401804
     0.401552
     0.401910
     0.402064
     0.401609
     0.401763
     0.401917
     0.401868
     0.402225
     0.402176
     0.402533
     0.402484
     0.402637
     0.402791
     0.402944
     0.403098
     0.403251
     0.403202
     0.403558
     0.403306
     0.403459
     0.403612
     0.403360
     0.403715
     0.403868
     0.403819
     0.403566
     0.404124
     0.403871
     0.404024
     0.404177
     0.404330
     0.404482
     0.404432
     0.404787
     0.404737
     0.405092
     0.405244
     0.405397
     0.405549
     0.405498
     0.405650
     0.405397
     0.405549
     0.405701
     0.405853
     0.406004
     0.405953
     0.405902
     0.405851
     0.406611
     0.406357
     0.406306
     0.406255
     0.406406
     0.406760
     0.406912
     0.407063
     0.407011
     0.407162
     0.407313
     0.407465
