     0.152153
     0.152356
     0.152559
     0.152761
     0.152964
     0.153167
     0.153370
     0.153573
     0.153776
     0.153979
     0.154182
     0.154384
     0.154587
     0.154790
     0.154993
     0.155196
     0.155399
     0.155602
     0.155804
     0.156007
     0.156210
     0.156413
     0.156616
     0.156819
     0.157022
     0.157225
     0.157427
     0.157630
     0.157833
     0.158036
     0.158239
     0.158442
     0.158645
     0.158848
     0.159050
     0.159253
     0.159456
     0.159659
     0.159862
     0.160065
     0.160268
     0.160470
     0.160673
     0.160876
     0.161079
     0.161282
     0.161485
     0.161688
     0.161891
     0.162093
     0.162296
     0.162499
     0.162702
     0.162905
     0.163108
     0.163311
     0.163514
     0.163716
     0.163919
     0.164122
     0.164325
     0.164528
     0.164731
     0.164934
     0.165137
     0.165339
     0.165542
     0.165745
     0.165948
     0.166151
     0.166354
     0.166557
     0.166759
     0.166962
     0.167165
     0.167368
     0.167571
     0.167774
     0.167977
     0.168180
     0.168382
     0.168585
     0.168788
     0.168991
     0.169194
     0.169397
     0.169600
     0.169803
     0.170005
     0.170208
     0.170411
     0.170614
     0.170817
     0.171020
     0.171223
     0.171425
     0.171628
     0.171831
     0.172034
     0.172237
     0.172440
     0.172643
     0.172846
     0.173048
     0.173251
     0.173454
     0.173657
     0.173860
     0.174063
     0.174266
     0.174469
     0.174671
     0.174874
     0.175077
     0.175280
     0.175483
     0.175686
     0.175889
     0.176092
     0.176294
     0.176497
     0.176700
     0.176903
     0.177106
     0.177309
     0.177512
     0.177714
     0.177917
     0.178120
     0.178323
     0.178526
     0.178729
     0.178932
     0.179135
     0.179337
     0.179540
     0.179743
     0.179946
     0.180149
     0.180352
     0.180555
     0.180758
     0.180960
     0.181163
     0.181366
     0.181569
     0.181772
     0.181975
     0.182178
     0.182380
     0.182583
     0.182786
     0.182989
     0.183192
     0.183395
     0.183598
     0.183801
     0.184003
     0.184206
     0.184409
     0.184612
     0.184815
     0.185018
     0.185221
     0.185424
     0.185626
     0.185829
     0.186032
     0.186235
     0.186438
     0.186641
     0.186844
     0.187047
     0.187249
     0.187452
     0.187655
     0.187858
     0.188061
     0.188264
     0.188467
     0.188669
     0.188872
     0.189075
     0.189278
     0.189481
     0.189684
     0.189887
     0.190090
     0.190292
     0.190495
     0.190698
     0.190901
     0.191104
     0.191307
     0.191510
     0.191713
     0.191915
     0.192118
     0.192321
     0.192524
     0.192727
     0.192930
     0.193133
     0.193335
     0.193538
     0.193741
     0.193944
     0.194147
     0.194350
     0.194553
     0.194756
     0.194958
     0.195161
     0.195364
     0.195567
     0.195770
     0.195973
     0.196176
     0.196379
     0.196581
     0.196784
     0.196987
     0.197190
     0.197393
     0.197596
     0.197799
     0.198002
     0.198204
     0.198407
     0.198610
     0.198813
     0.199016
     0.199219
     0.199422
     0.199624
     0.199827
     0.200030
     0.200233
     0.200436
     0.200639
     0.200842
     0.201045
     0.201247
     0.201450
     0.201653
     0.201856
     0.202059
     0.202262
     0.202465
     0.202668
     0.202870
     0.203073
     0.203276
     0.203479
     0.203682
     0.203885
     0.204088
     0.204290
     0.204493
     0.204696
     0.204899
     0.205102
     0.205305
     0.205508
     0.205711
     0.205913
     0.206116
     0.206319
     0.206522
     0.206725
     0.206928
     0.207131
     0.207334
     0.207536
     0.207739
     0.207942
     0.208145
     0.208348
     0.208551
     0.208754
     0.208957
     0.209159
     0.209362
     0.209565
     0.209768
     0.209971
     0.210174
     0.210377
     0.210579
     0.210782
     0.210985
     0.211188
     0.211391
     0.211594
     0.211797
     0.212000
     0.212202
     0.212405
     0.212608
     0.212811
     0.213014
     0.213217
     0.213420
     0.213623
     0.213825
     0.214028
     0.214231
     0.214434
     0.214637
     0.214840
     0.215043
     0.215246
     0.215448
     0.215651
     0.215854
     0.216057
     0.216260
     0.216463
     0.216666
     0.216868
     0.217071
     0.217274
     0.217477
     0.217680
     0.217883
     0.218086
     0.218289
     0.218491
     0.218694
     0.218897
     0.219100
     0.219303
     0.219506
     0.219709
     0.219912
     0.220114
     0.220317
     0.220520
     0.220723
     0.220926
     0.221129
     0.221332
     0.221534
     0.221737
     0.221940
     0.222143
     0.222346
     0.222549
     0.222752
     0.222955
     0.223157
     0.223360
     0.223563
     0.223766
     0.223969
     0.224172
     0.224375
     0.224578
     0.224780
     0.224983
     0.225186
     0.225389
     0.225592
     0.225795
     0.225998
     0.226200
     0.226403
     0.226606
     0.226809
     0.227012
     0.227215
     0.227418
     0.227621
     0.227823
     0.228026
     0.228229
     0.228432
     0.228635
     0.228838
     0.229041
     0.229244
     0.229446
     0.229649
     0.229852
     0.230055
     0.230258
     0.230461
     0.230664
     0.230867
     0.231069
     0.231272
     0.231475
     0.231678
     0.231881
     0.232084
     0.232287
     0.232489
     0.232692
     0.232895
     0.233098
     0.233301
     0.233504
     0.233707
     0.233910
     0.234112
     0.234315
     0.234518
     0.234721
     0.234924
     0.235127
     0.235330
     0.235533
     0.235735
     0.235938
     0.236141
     0.236344
     0.236547
     0.236750
     0.236953
     0.237155
     0.237358
     0.237561
     0.237764
     0.237967
     0.238170
     0.238373
     0.238576
     0.238778
     0.238981
     0.239184
     0.239387
     0.239590
     0.239793
     0.239996
     0.240199
     0.240401
     0.240604
     0.240807
     0.241010
     0.241213
     0.241416
     0.241619
     0.241822
     0.242024
     0.242227
     0.242430
     0.242633
     0.242836
     0.243039
     0.243242
     0.243444
     0.243647
     0.243850
     0.244053
     0.244256
     0.244459
     0.244662
     0.244865
     0.245067
     0.245270
     0.245473
     0.245676
     0.245879
     0.246082
     0.246285
     0.246488
     0.246690
     0.246893
     0.247096
     0.247299
     0.247502
     0.247705
     0.247908
     0.248111
     0.248313
     0.248516
     0.248719
     0.248922
     0.249125
     0.249328
     0.249531
     0.249733
     0.249936
     0.250139
     0.250342
     0.250545
     0.250748
     0.250951
     0.251154
     0.251356
     0.251559
     0.251762
     0.251965
     0.252168
     0.252371
     0.252574
     0.252777
     0.252979
     0.253182
     0.253385
     0.253588
     0.253791
     0.253994
     0.254197
     0.254399
     0.254602
     0.254805
     0.255008
     0.255211
     0.255414
     0.255617
     0.255820
     0.256022
     0.256225
     0.256428
     0.256631
     0.256834
     0.257037
     0.257240
     0.257443
     0.257645
     0.257848
     0.258051
     0.258254
     0.258457
     0.258660
     0.258863
     0.259066
     0.259268
     0.259471
     0.259674
     0.259877
     0.260080
     0.260283
     0.260486
     0.260688
     0.260891
     0.261094
     0.261297
     0.261500
     0.261703
     0.261906
     0.262109
     0.262311
     0.262514
     0.262717
     0.262920
     0.263123
     0.263326
     0.263529
     0.263732
     0.263934
     0.264137
     0.264340
     0.264543
     0.264746
     0.264949
     0.265152
     0.265354
     0.265557
     0.265760
     0.265963
     0.266166
     0.266369
     0.266572
     0.266775
     0.266977
     0.267180
     0.267383
     0.267586
     0.267789
     0.267992
     0.268195
     0.268398
     0.268600
     0.268803
     0.269006
     0.269209
     0.269412
     0.269615
     0.269818
     0.270021
     0.270223
     0.270426
     0.270629
     0.270832
     0.271035
     0.271238
     0.271441
     0.271643
     0.271846
     0.272049
     0.272252
     0.272455
     0.272658
     0.272861
     0.273064
     0.273266
     0.273469
     0.273672
     0.273875
     0.274078
     0.274281
     0.274484
     0.274687
     0.274889
     0.275092
     0.275295
     0.275498
     0.275701
     0.275904
     0.276107
     0.276309
     0.276512
     0.276715
     0.276918
     0.277121
     0.277324
     0.277527
     0.277730
     0.277932
     0.278135
     0.278338
     0.278541
     0.278744
     0.278947
     0.279150
     0.279353
     0.279555
     0.279758
     0.279961
     0.280164
     0.280367
     0.280570
     0.280773
     0.280975
     0.281178
     0.281381
     0.281584
     0.281787
     0.281990
     0.282193
     0.282396
     0.282598
     0.282801
     0.283004
     0.283207
     0.283410
     0.283613
     0.283816
     0.284019
     0.284221
     0.284424
     0.284627
     0.284830
     0.285033
     0.285236
     0.285439
     0.285642
     0.285844
     0.286047
     0.286250
     0.286453
     0.286656
     0.286859
     0.287062
     0.287264
     0.287467
     0.287670
     0.287873
     0.288076
     0.288279
     0.288482
     0.288685
     0.288887
     0.289090
     0.289293
     0.289496
     0.289699
     0.289902
     0.290105
     0.290308
     0.290510
     0.290713
     0.290916
     0.291119
     0.291322
     0.291525
     0.291728
     0.291930
     0.292133
     0.292336
     0.292539
     0.292742
     0.292945
     0.293148
     0.293351
     0.293553
     0.293756
     0.293959
     0.294162
     0.294365
     0.294568
     0.294771
     0.294974
     0.295176
     0.295379
     0.295582
     0.295785
     0.295988
     0.296191
     0.296394
     0.296597
     0.296799
     0.297002
     0.297205
     0.297408
     0.297611
     0.297814
     0.298017
     0.298219
     0.298422
     0.298625
     0.298828
     0.299031
     0.299234
     0.299437
     0.299640
     0.299842
     0.300045
     0.300248
     0.300451
     0.300654
     0.300857
     0.301060
     0.301263
     0.301465
     0.301668
     0.301871
     0.302074
     0.302277
     0.302480
     0.302683
     0.302886
     0.303088
     0.303291
     0.303494
     0.303697
     0.303900
     0.304103
     0.304306
     0.304508
     0.304711
     0.304914
     0.305117
     0.305320
     0.305523
     0.305726
     0.305929
     0.306131
     0.306334
     0.306537
     0.306740
     0.306943
     0.307146
     0.307349
     0.307552
     0.307754
     0.307957
     0.308160
     0.308363
     0.308566
     0.308769
     0.308972
     0.309174
     0.309377
     0.309580
     0.309783
     0.309986
     0.310189
     0.310392
     0.310595
     0.310797
     0.311000
     0.311203
     0.311406
     0.311609
     0.311812
     0.312015
     0.312218
     0.312420
     0.312623
     0.312826
     0.313029
     0.313232
     0.313435
     0.313638
     0.313841
     0.314043
     0.314246
     0.314449
     0.314652
     0.314855
     0.315058
     0.315261
     0.315463
     0.315666
     0.315869
     0.316072
     0.316275
     0.316478
     0.316681
     0.316884
     0.317086
     0.317289
     0.317492
     0.317695
     0.317898
     0.318101
     0.318304
     0.318507
     0.318709
     0.318912
     0.319115
     0.319318
     0.319521
     0.319724
     0.319927
     0.320129
     0.320332
     0.320535
     0.320738
     0.320941
     0.321144
     0.321347
     0.321550
     0.321752
     0.321955
     0.322158
     0.322361
     0.322564
     0.322767
     0.322970
     0.323173
     0.323375
     0.323578
     0.323781
     0.323984
     0.324187
     0.324390
     0.324593
     0.324796
     0.324998
     0.325201
     0.325404
     0.325607
     0.325810
     0.326013
     0.326216
     0.326418
     0.326621
     0.326824
     0.327027
     0.327230
     0.327433
     0.327636
     0.327839
     0.328041
     0.328244
     0.328447
     0.328650
     0.328853
     0.329056
     0.329259
     0.329462
     0.329664
     0.329867
     0.330070
     0.330273
     0.330476
     0.330679
     0.330882
     0.331084
     0.331287
     0.331490
     0.331693
     0.331896
     0.332099
     0.332302
     0.332505
     0.332707
     0.332910
     0.333113
     0.333316
     0.333519
     0.333722
     0.333925
     0.334128
     0.334330
     0.334533
     0.334736
     0.334939
     0.335142
     0.335345
     0.335548
     0.335751
     0.335953
     0.336156
     0.336359
     0.336562
     0.336765
     0.336968
     0.337171
     0.337373
     0.337576
     0.337779
     0.337982
     0.338185
     0.338388
     0.338591
     0.338794
     0.338996
     0.339199
     0.339402
     0.339605
     0.339808
     0.340011
     0.340214
     0.340417
     0.340619
     0.340822
     0.341025
     0.341228
     0.341431
     0.341634
     0.341837
     0.342039
     0.342242
     0.342445
     0.342648
     0.342851
     0.343054
     0.343257
     0.343460
     0.343662
     0.343865
     0.344068
     0.344271
     0.344474
     0.344677
     0.344880
     0.345083
     0.345285
     0.345488
     0.345691
     0.345894
     0.346097
     0.346300
     0.346503
     0.346706
     0.346908
     0.347111
     0.347314
     0.347517
     0.347720
     0.347923
     0.348126
     0.348328
     0.348531
     0.348734
     0.348937
     0.349140
     0.349343
     0.349546
     0.349749
     0.349951
     0.350154
     0.350357
     0.350560
     0.350763
     0.350966
     0.351169
     0.351372
     0.351574
     0.351777
     0.351980
     0.352183
     0.352386
     0.352589
     0.352792
     0.352995
     0.353197
     0.353400
     0.353603
     0.353806
     0.354009
     0.354212
     0.354415
     0.354617
     0.354820
     0.355023
