     0.180555
     0.180960
     0.180960
     0.180960
     0.180960
     0.181163
     0.181163
     0.181569
     0.181569
     0.181569
     0.181569
     0.181772
     0.181975
     0.181975
     0.181975
     0.181975
     0.182178
     0.182583
     0.182583
     0.182583
     0.182583
     0.182786
     0.182786
     0.182989
     0.182989
     0.183192
     0.183395
     0.183395
     0.183395
     0.183395
     0.183395
     0.183598
     0.183801
     0.183801
     0.183801
     0.184206
     0.184206
     0.184206
     0.184206
     0.184612
     0.184612
     0.184612
     0.184815
     0.184815
     0.184815
     0.184815
     0.184815
     0.185221
     0.185221
     0.185221
     0.185424
     0.185424
     0.185626
     0.185626
     0.185829
     0.185829
     0.185829
     0.185829
     0.186032
     0.186235
     0.186438
     0.186438
     0.186438
     0.186438
     0.186641
     0.186844
     0.187047
     0.187047
     0.187047
     0.187047
     0.187249
     0.187249
     0.187249
     0.187249
     0.187858
     0.187858
     0.187858
     0.187858
     0.188264
     0.188264
     0.188264
     0.188264
     0.188467
     0.188467
     0.188467
     0.188467
     0.188872
     0.188872
     0.189075
     0.189075
     0.189075
     0.189075
     0.189075
     0.189075
     0.189481
     0.189481
     0.189481
     0.189481
     0.189684
     0.189887
     0.189887
     0.190292
     0.190292
     0.190292
     0.190292
     0.190292
     0.190495
     0.190495
     0.190901
     0.190901
     0.191104
     0.191104
     0.191104
     0.191104
     0.191104
     0.191307
     0.191510
     0.191510
     0.191510
     0.191510
     0.191713
     0.191713
     0.191915
     0.192118
     0.192118
     0.192118
     0.192321
     0.192321
     0.192321
     0.192524
     0.192930
     0.192930
     0.192930
     0.192930
     0.192930
     0.193335
     0.193335
     0.193335
     0.193335
     0.193335
     0.193538
     0.193538
     0.193944
     0.193944
     0.193944
     0.193944
     0.193944
     0.194147
     0.194147
     0.194147
     0.194553
     0.194553
     0.194553
     0.194553
     0.194756
     0.194756
     0.194756
     0.194756
     0.195364
     0.195364
     0.195364
     0.195364
     0.195364
     0.195364
     0.195567
     0.195567
     0.195770
     0.195770
     0.195770
     0.196176
     0.196176
     0.196176
     0.196379
     0.196379
     0.196379
     0.196379
     0.196379
     0.196379
     0.196987
     0.197190
     0.197190
     0.197190
     0.197190
     0.197190
     0.197190
     0.197190
     0.197190
     0.197190
     0.198002
     0.198002
     0.198002
     0.198002
     0.198002
     0.198002
     0.198407
     0.198407
     0.198407
     0.198407
     0.198407
     0.198407
     0.198407
     0.198813
     0.198813
     0.198813
     0.199016
     0.199016
     0.199219
     0.199219
     0.199219
     0.199624
     0.199624
     0.199624
     0.199624
     0.199827
     0.199827
     0.199827
     0.199827
     0.200030
     0.200233
     0.200233
     0.200233
     0.200233
     0.200436
     0.200436
     0.200436
     0.200436
     0.201045
     0.201045
     0.201045
     0.201045
     0.201045
     0.201045
     0.201247
     0.201247
     0.201653
     0.201653
     0.201653
     0.201653
     0.201856
     0.201856
     0.201856
     0.202059
     0.202059
     0.202059
     0.202262
     0.202262
     0.202262
     0.202465
     0.202465
     0.202668
     0.202668
     0.202668
     0.202668
     0.202870
     0.202870
     0.203073
     0.203479
     0.203479
     0.203479
     0.203479
     0.203479
     0.203479
     0.203479
     0.204088
     0.204088
     0.204088
     0.204088
     0.204088
     0.204088
     0.204088
     0.204290
     0.204493
     0.204493
     0.204493
     0.204696
     0.204696
     0.204696
     0.204899
     0.204899
     0.204899
     0.205508
     0.205508
     0.205508
     0.205508
     0.205508
     0.205508
     0.205711
     0.205711
     0.205711
     0.206116
     0.206116
     0.206116
     0.206116
     0.206116
     0.206116
     0.206116
     0.206522
     0.206522
     0.206522
     0.206522
     0.206725
     0.206725
     0.206928
     0.207131
     0.207131
     0.207131
     0.207131
     0.207131
     0.207334
     0.207536
     0.207536
     0.207536
     0.207739
     0.207739
     0.207739
     0.207739
     0.208145
     0.208145
     0.208145
     0.208348
     0.208348
     0.208348
     0.208348
     0.208348
     0.208551
     0.208551
     0.208957
     0.208957
     0.208957
     0.208957
     0.208957
     0.209159
     0.209362
     0.209362
     0.209768
     0.209768
     0.209768
     0.209768
     0.209768
     0.209768
     0.209768
     0.210174
     0.210174
     0.210174
     0.210174
     0.210174
     0.210174
     0.210174
     0.210174
     0.210377
     0.210579
     0.210985
     0.210985
     0.210985
     0.210985
     0.210985
     0.210985
     0.210985
     0.211391
     0.211391
     0.211391
     0.211391
     0.211391
     0.211391
     0.211391
     0.211797
     0.211797
     0.211797
     0.212000
     0.212000
     0.212000
     0.212202
     0.212202
     0.212202
     0.212405
     0.212608
     0.212608
     0.212608
     0.212608
     0.213014
     0.213014
     0.213014
     0.213014
     0.213014
     0.213014
     0.213623
     0.213623
     0.213623
     0.213623
     0.213623
     0.213623
     0.213623
     0.213623
     0.213825
     0.213825
     0.213825
     0.214231
     0.214231
     0.214231
     0.214231
     0.214231
     0.214434
     0.214637
     0.214637
     0.214840
     0.214840
     0.214840
     0.214840
     0.214840
     0.214840
     0.215246
     0.215246
     0.215246
     0.215246
     0.215448
     0.215448
     0.215448
     0.215448
     0.215448
     0.215854
     0.215854
     0.216057
     0.216260
     0.216260
     0.216260
     0.216260
     0.216260
     0.216260
     0.216260
     0.216463
     0.216666
     0.216666
     0.216868
     0.216868
     0.216868
     0.216868
     0.216868
     0.216868
     0.217071
     0.217477
     0.217477
     0.217477
     0.217477
     0.217477
     0.217477
     0.217477
     0.217680
     0.217680
     0.218086
     0.218086
     0.218289
     0.218289
     0.218289
     0.218289
     0.218289
     0.218289
     0.218491
     0.218491
     0.218694
     0.218694
     0.218694
     0.218694
     0.218694
     0.219100
     0.219100
     0.219100
     0.219100
     0.219303
     0.219506
     0.219506
     0.219506
     0.219506
     0.219912
     0.219912
     0.219912
     0.219912
     0.219912
     0.220317
     0.220317
     0.220317
     0.220317
     0.220317
     0.220317
     0.220317
     0.220317
     0.220520
     0.220926
     0.220926
     0.220926
     0.220926
     0.221332
     0.221332
     0.221332
     0.221332
     0.221332
     0.221332
     0.221332
     0.221332
     0.221332
     0.221737
     0.221737
     0.221737
     0.221737
     0.221737
     0.221737
     0.222143
     0.222143
     0.222143
     0.222346
     0.222346
     0.222346
     0.222346
     0.222346
     0.222549
     0.222549
     0.222549
     0.222549
     0.222752
     0.222955
     0.223360
     0.223360
     0.223360
     0.223360
     0.223360
     0.223360
     0.223360
     0.223563
     0.223766
     0.223766
     0.223766
     0.223766
     0.223766
     0.223766
     0.223766
     0.223766
     0.223969
     0.224172
     0.224375
     0.224375
     0.224578
     0.224578
     0.224780
     0.224780
     0.224780
     0.224780
     0.224780
     0.224780
     0.224780
     0.224983
     0.224983
     0.225389
     0.225389
     0.225389
     0.225389
     0.225389
     0.225389
     0.225389
     0.225795
     0.225795
     0.225795
     0.225795
     0.226200
     0.226200
     0.226200
     0.226200
     0.226200
     0.226200
     0.226200
     0.226200
     0.226606
     0.226606
     0.226809
     0.226809
     0.226809
     0.226809
     0.226809
     0.226809
     0.226809
     0.227215
     0.227215
     0.227215
     0.227215
     0.227418
     0.227621
     0.227621
     0.227621
     0.227621
     0.227621
     0.227621
     0.227621
     0.228229
     0.228229
     0.228229
     0.228229
     0.228229
     0.228229
     0.228229
     0.228229
     0.228432
     0.228432
     0.228432
     0.228432
     0.228635
     0.228838
     0.229041
     0.229041
     0.229041
     0.229041
     0.229041
     0.229041
     0.229244
     0.229244
     0.229244
     0.229446
     0.229649
     0.229649
     0.229852
     0.229852
     0.229852
     0.230258
     0.230258
     0.230258
     0.230258
     0.230258
     0.230258
     0.230258
     0.230461
     0.230461
     0.230461
     0.230461
     0.230867
     0.230867
     0.230867
     0.230867
     0.230867
     0.230867
     0.230867
     0.230867
     0.231069
     0.231069
     0.231475
     0.231475
     0.231475
     0.231475
     0.231475
     0.231475
     0.231475
     0.231678
     0.231678
     0.231881
     0.231881
     0.231881
     0.231881
     0.232287
     0.232287
     0.232287
     0.232287
     0.232287
     0.232489
     0.232489
     0.232692
     0.232895
     0.232895
     0.232895
     0.232895
     0.232895
     0.232895
     0.232895
     0.232895
     0.233098
     0.233301
     0.233301
     0.233301
     0.233301
     0.233707
     0.233707
     0.234112
     0.234112
     0.234112
     0.234112
     0.234112
     0.234112
     0.234112
     0.234112
     0.234112
     0.234112
     0.234518
     0.234518
     0.234518
     0.234518
     0.234518
     0.234518
     0.234721
     0.234721
     0.234721
     0.234721
     0.235127
     0.235127
     0.235330
     0.235330
     0.235330
     0.235330
     0.235330
     0.235330
     0.235330
     0.235330
     0.235330
     0.235735
     0.236141
     0.236141
     0.236141
     0.236141
     0.236141
     0.236141
     0.236141
     0.236141
     0.236141
     0.236141
     0.236141
     0.236141
     0.236344
     0.236750
     0.236750
     0.236750
     0.236750
     0.236750
     0.237155
     0.237155
     0.237155
     0.237155
     0.237155
     0.237155
     0.237155
     0.237561
     0.237561
     0.237764
     0.237764
     0.237764
     0.237764
     0.237764
     0.237764
     0.237764
     0.237764
     0.237967
     0.238170
     0.238170
     0.238170
     0.238373
     0.238373
     0.238373
     0.238576
     0.238576
     0.238576
     0.238576
     0.238576
     0.238576
     0.238576
     0.238576
     0.238778
     0.239184
     0.239387
     0.239387
     0.239387
     0.239387
     0.239387
     0.239387
     0.239387
     0.239793
     0.239793
     0.239793
     0.239793
     0.239793
     0.239793
     0.239793
     0.239793
     0.239793
     0.239793
     0.240199
     0.240199
     0.240199
     0.240199
     0.240199
     0.240199
     0.240199
     0.240807
     0.241010
     0.241010
     0.241010
     0.241213
     0.241213
     0.241213
     0.241213
     0.241213
     0.241213
     0.241213
     0.241213
     0.241213
     0.241213
     0.241213
     0.241416
     0.241619
     0.241822
     0.241822
     0.241822
     0.241822
     0.241822
     0.241822
     0.241822
     0.241822
     0.241822
     0.242227
     0.242227
     0.242227
     0.242430
     0.242633
     0.242633
     0.242633
     0.242633
     0.242633
     0.242633
     0.242633
     0.243039
     0.243039
     0.243039
     0.243039
     0.243039
     0.243039
     0.243242
     0.243444
     0.243444
     0.243647
     0.243647
     0.243647
     0.243647
     0.243647
     0.243647
     0.243647
     0.243647
     0.243647
     0.243850
     0.243850
     0.244053
     0.244053
     0.244256
     0.244256
     0.244256
     0.244256
     0.244662
     0.244662
     0.244662
     0.244662
     0.244662
     0.244865
     0.244865
     0.244865
     0.245067
     0.245067
     0.245067
     0.245067
     0.245067
     0.245067
     0.245473
     0.245473
     0.245473
     0.245473
     0.245473
     0.245879
     0.245879
     0.245879
     0.245879
     0.246285
     0.246285
     0.246285
     0.246285
     0.246285
     0.246285
     0.246285
     0.246285
     0.246285
     0.246285
     0.246690
     0.246690
     0.246690
     0.246893
     0.246893
     0.247096
     0.247096
     0.247096
     0.247096
     0.247096
     0.247096
     0.247096
     0.247096
     0.247096
     0.247096
     0.247096
     0.247299
     0.247502
     0.247908
     0.247908
     0.247908
     0.247908
     0.247908
     0.248111
     0.248111
     0.248111
     0.248111
     0.248111
     0.248111
     0.248111
     0.248111
     0.248111
     0.248313
     0.248516
     0.248922
     0.248922
     0.248922
     0.248922
     0.248922
     0.248922
     0.248922
     0.248922
     0.248922
     0.248922
     0.248922
     0.249328
     0.249328
     0.249328
     0.249328
     0.249531
     0.249733
     0.249733
     0.249733
     0.249733
     0.249733
     0.249733
     0.249733
     0.249733
     0.249733
     0.249733
     0.250139
     0.250139
     0.250139
     0.250545
     0.250545
     0.250545
     0.250748
     0.250748
     0.250748
     0.250748
     0.250748
     0.250748
     0.250748
     0.250748
     0.250748
     0.250748
     0.250951
     0.250951
     0.251154
     0.251154
     0.251154
     0.251559
     0.251559
     0.251559
     0.251559
     0.251965
     0.251965
     0.251965
     0.251965
     0.251965
     0.251965
     0.251965
     0.252168
     0.252168
     0.252168
     0.252168
     0.252168
     0.252168
     0.252168
     0.252168
     0.252168
     0.252574
     0.252574
     0.252574
     0.252574
     0.252574
     0.252777
     0.252979
     0.253182
     0.253182
     0.253182
     0.253182
     0.253385
     0.253385
     0.253385
     0.253385
     0.253385
     0.253385
     0.253385
     0.253385
     0.253385
