          141
          143
          143
          143
          143
          144
          144
          146
          146
          146
          146
          147
          148
          148
          148
          148
          149
          151
          151
          151
          151
          152
          152
          153
          153
          154
          155
          155
          155
          155
          155
          156
          157
          157
          157
          159
          159
          159
          159
          161
          161
          161
          162
          162
          162
          162
          162
          164
          164
          164
          165
          165
          166
          166
          167
          167
          167
          167
          168
          169
          170
          170
          170
          170
          171
          172
          173
          173
          173
          173
          174
          174
          174
          174
          177
          177
          177
          177
          179
          179
          179
          179
          180
          180
          180
          180
          182
          182
          183
          183
          183
          183
          183
          183
          185
          185
          185
          185
          186
          187
          187
          189
          189
          189
          189
          189
          190
          190
          192
          192
          193
          193
          193
          193
          193
          194
          195
          195
          195
          195
          196
          196
          197
          198
          198
          198
          199
          199
          199
          200
          202
          202
          202
          202
          202
          204
          204
          204
          204
          204
          205
          205
          207
          207
          207
          207
          207
          208
          208
          208
          210
          210
          210
          210
          211
          211
          211
          211
          214
          214
          214
          214
          214
          214
          215
          215
          216
          216
          216
          218
          218
          218
          219
          219
          219
          219
          219
          219
          222
          223
          223
          223
          223
          223
          223
          223
          223
          223
          227
          227
          227
          227
          227
          227
          229
          229
          229
          229
          229
          229
          229
          231
          231
          231
          232
          232
          233
          233
          233
          235
          235
          235
          235
          236
          236
          236
          236
          237
          238
          238
          238
          238
          239
          239
          239
          239
          242
          242
          242
          242
          242
          242
          243
          243
          245
          245
          245
          245
          246
          246
          246
          247
          247
          247
          248
          248
          248
          249
          249
          250
          250
          250
          250
          251
          251
          252
          254
          254
          254
          254
          254
          254
          254
          257
          257
          257
          257
          257
          257
          257
          258
          259
          259
          259
          260
          260
          260
          261
          261
          261
          264
          264
          264
          264
          264
          264
          265
          265
          265
          267
          267
          267
          267
          267
          267
          267
          269
          269
          269
          269
          270
          270
          271
          272
          272
          272
          272
          272
          273
          274
          274
          274
          275
          275
          275
          275
          277
          277
          277
          278
          278
          278
          278
          278
          279
          279
          281
          281
          281
          281
          281
          282
          283
          283
          285
          285
          285
          285
          285
          285
          285
          287
          287
          287
          287
          287
          287
          287
          287
          288
          289
          291
          291
          291
          291
          291
          291
          291
          293
          293
          293
          293
          293
          293
          293
          295
          295
          295
          296
          296
          296
          297
          297
          297
          298
          299
          299
          299
          299
          301
          301
          301
          301
          301
          301
          304
          304
          304
          304
          304
          304
          304
          304
          305
          305
          305
          307
          307
          307
          307
          307
          308
          309
          309
          310
          310
          310
          310
          310
          310
          312
          312
          312
          312
          313
          313
          313
          313
          313
          315
          315
          316
          317
          317
          317
          317
          317
          317
          317
          318
          319
          319
          320
          320
          320
          320
          320
          320
          321
          323
          323
          323
          323
          323
          323
          323
          324
          324
          326
          326
          327
          327
          327
          327
          327
          327
          328
          328
          329
          329
          329
          329
          329
          331
          331
          331
          331
          332
          333
          333
          333
          333
          335
          335
          335
          335
          335
          337
          337
          337
          337
          337
          337
          337
          337
          338
          340
          340
          340
          340
          342
          342
          342
          342
          342
          342
          342
          342
          342
          344
          344
          344
          344
          344
          344
          346
          346
          346
          347
          347
          347
          347
          347
          348
          348
          348
          348
          349
          350
          352
          352
          352
          352
          352
          352
          352
          353
          354
          354
          354
          354
          354
          354
          354
          354
          355
          356
          357
          357
          358
          358
          359
          359
          359
          359
          359
          359
          359
          360
          360
          362
          362
          362
          362
          362
          362
          362
          364
          364
          364
          364
          366
          366
          366
          366
          366
          366
          366
          366
          368
          368
          369
          369
          369
          369
          369
          369
          369
          371
          371
          371
          371
          372
          373
          373
          373
          373
          373
          373
          373
          376
          376
          376
          376
          376
          376
          376
          376
          377
          377
          377
          377
          378
          379
          380
          380
          380
          380
          380
          380
          381
          381
          381
          382
          383
          383
          384
          384
          384
          386
          386
          386
          386
          386
          386
          386
          387
          387
          387
          387
          389
          389
          389
          389
          389
          389
          389
          389
          390
          390
          392
          392
          392
          392
          392
          392
          392
          393
          393
          394
          394
          394
          394
          396
          396
          396
          396
          396
          397
          397
          398
          399
          399
          399
          399
          399
          399
          399
          399
          400
          401
          401
          401
          401
          403
          403
          405
          405
          405
          405
          405
          405
          405
          405
          405
          405
          407
          407
          407
          407
          407
          407
          408
          408
          408
          408
          410
          410
          411
          411
          411
          411
          411
          411
          411
          411
          411
          413
          415
          415
          415
          415
          415
          415
          415
          415
          415
          415
          415
          415
          416
          418
          418
          418
          418
          418
          420
          420
          420
          420
          420
          420
          420
          422
          422
          423
          423
          423
          423
          423
          423
          423
          423
          424
          425
          425
          425
          426
          426
          426
          427
          427
          427
          427
          427
          427
          427
          427
          428
          430
          431
          431
          431
          431
          431
          431
          431
          433
          433
          433
          433
          433
          433
          433
          433
          433
          433
          435
          435
          435
          435
          435
          435
          435
          438
          439
          439
          439
          440
          440
          440
          440
          440
          440
          440
          440
          440
          440
          440
          441
          442
          443
          443
          443
          443
          443
          443
          443
          443
          443
          445
          445
          445
          446
          447
          447
          447
          447
          447
          447
          447
          449
          449
          449
          449
          449
          449
          450
          451
          451
          452
          452
          452
          452
          452
          452
          452
          452
          452
          453
          453
          454
          454
          455
          455
          455
          455
          457
          457
          457
          457
          457
          458
          458
          458
          459
          459
          459
          459
          459
          459
          461
          461
          461
          461
          461
          463
          463
          463
          463
          465
          465
          465
          465
          465
          465
          465
          465
          465
          465
          467
          467
          467
          468
          468
          469
          469
          469
          469
          469
          469
          469
          469
          469
          469
          469
          470
          471
          473
          473
          473
          473
          473
          474
          474
          474
          474
          474
          474
          474
          474
          474
          475
          476
          478
          478
          478
          478
          478
          478
          478
          478
          478
          478
          478
          480
          480
          480
          480
          481
          482
          482
          482
          482
          482
          482
          482
          482
          482
          482
          484
          484
          484
          486
          486
          486
          487
          487
          487
          487
          487
          487
          487
          487
          487
          487
          488
          488
          489
          489
          489
          491
          491
          491
          491
          493
          493
          493
          493
          493
          493
          493
          494
          494
          494
          494
          494
          494
          494
          494
          494
          496
          496
          496
          496
          496
          497
          498
          499
          499
          499
          499
          500
          500
          500
          500
          500
          500
          500
          500
          500
