     -28.2514
     -28.2505
     -28.2497
     -28.2488
     -28.2479
     -28.2471
     -28.2462
     -28.2453
     -28.2445
     -28.2436
     -28.2428
     -28.2419
     -28.2411
     -28.2402
     -28.2394
     -28.2385
     -28.2377
     -28.2368
     -28.2360
     -28.2351
     -28.2343
     -28.2334
     -28.2326
     -28.2318
     -28.2309
     -28.2301
     -28.2293
     -28.2284
     -28.2276
     -28.2267
     -28.2259
     -28.2251
     -28.2243
     -28.2234
     -28.2226
     -28.2218
     -28.2209
     -28.2201
     -28.2193
     -28.2185
     -28.2176
     -28.2168
     -28.2160
     -28.2152
     -28.2144
     -28.2135
     -28.2127
     -28.2119
     -28.2111
     -28.2103
     -28.2095
     -28.2087
     -28.2079
     -28.2070
     -28.2062
     -28.2054
     -28.2046
     -28.2038
     -28.2030
     -28.2022
     -28.2014
     -28.2006
     -28.1998
     -28.1990
     -28.1982
     -28.1974
     -28.1966
     -28.1958
     -28.1950
     -28.1942
     -28.1934
     -28.1926
     -28.1919
     -28.1911
     -28.1903
     -28.1895
     -28.1887
     -28.1879
     -28.1871
     -28.1864
     -28.1856
     -28.1848
     -28.1840
     -28.1832
     -28.1824
     -28.1817
     -28.1809
     -28.1801
     -28.1793
     -28.1786
     -28.1778
     -28.1770
     -28.1762
     -28.1755
     -28.1747
     -28.1739
     -28.1732
     -28.1724
     -28.1716
     -28.1709
     -28.1701
     -28.1693
     -28.1686
     -28.1678
     -28.1671
     -28.1663
     -28.1655
     -28.1648
     -28.1640
     -28.1633
     -28.1625
     -28.1618
     -28.1610
     -28.1603
     -28.1595
     -28.1587
     -28.1580
     -28.1572
     -28.1565
     -28.1558
     -28.1550
     -28.1543
     -28.1535
     -28.1528
     -28.1520
     -28.1513
     -28.1505
     -28.1498
     -28.1491
     -28.1483
     -28.1476
     -28.1468
     -28.1461
     -28.1454
     -28.1446
     -28.1439
     -28.1432
     -28.1424
     -28.1417
     -28.1410
     -28.1402
     -28.1395
     -28.1388
     -28.1381
     -28.1373
     -28.1366
     -28.1359
     -28.1352
     -28.1344
     -28.1337
     -28.1330
     -28.1323
     -28.1315
     -28.1308
     -28.1301
     -28.1294
     -28.1287
     -28.1280
     -28.1272
     -28.1265
     -28.1258
     -28.1251
     -28.1244
     -28.1237
     -28.1230
     -28.1223
     -28.1215
     -28.1208
     -28.1201
     -28.1194
     -28.1187
     -28.1180
     -28.1173
     -28.1166
     -28.1159
     -28.1152
     -28.1145
     -28.1138
     -28.1131
     -28.1124
     -28.1117
     -28.1110
     -28.1103
     -28.1096
     -28.1089
     -28.1082
     -28.1075
     -28.1068
     -28.1061
     -28.1054
     -28.1048
     -28.1041
     -28.1034
     -28.1027
     -28.1020
     -28.1013
     -28.1006
     -28.0999
     -28.0993
     -28.0986
     -28.0979
     -28.0972
     -28.0965
     -28.0958
     -28.0952
     -28.0945
     -28.0938
     -28.0931
     -28.0924
     -28.0918
     -28.0911
     -28.0904
     -28.0897
     -28.0891
     -28.0884
     -28.0877
     -28.0870
     -28.0864
     -28.0857
     -28.0850
     -28.0844
     -28.0837
     -28.0830
     -28.0824
     -28.0817
     -28.0810
     -28.0804
     -28.0797
     -28.0790
     -28.0784
     -28.0777
     -28.0770
     -28.0764
     -28.0757
     -28.0751
     -28.0744
     -28.0737
     -28.0731
     -28.0724
     -28.0718
     -28.0711
     -28.0704
     -28.0698
     -28.0691
     -28.0685
     -28.0678
     -28.0672
     -28.0665
     -28.0659
     -28.0652
     -28.0646
     -28.0639
     -28.0633
     -28.0626
     -28.0620
     -28.0613
     -28.0607
     -28.0600
     -28.0594
     -28.0588
     -28.0581
     -28.0575
     -28.0568
     -28.0562
     -28.0555
     -28.0549
     -28.0543
     -28.0536
     -28.0530
     -28.0524
     -28.0517
     -28.0511
     -28.0504
     -28.0498
     -28.0492
     -28.0485
     -28.0479
     -28.0473
     -28.0466
     -28.0460
     -28.0454
     -28.0448
     -28.0441
     -28.0435
     -28.0429
     -28.0422
     -28.0416
     -28.0410
     -28.0404
     -28.0397
     -28.0391
     -28.0385
     -28.0379
     -28.0372
     -28.0366
     -28.0360
     -28.0354
     -28.0348
     -28.0341
     -28.0335
     -28.0329
     -28.0323
     -28.0317
     -28.0310
     -28.0304
     -28.0298
     -28.0292
     -28.0286
     -28.0280
     -28.0274
     -28.0267
     -28.0261
     -28.0255
     -28.0249
     -28.0243
     -28.0237
     -28.0231
     -28.0225
     -28.0219
     -28.0212
     -28.0206
     -28.0200
     -28.0194
     -28.0188
     -28.0182
     -28.0176
     -28.0170
     -28.0164
     -28.0158
     -28.0152
     -28.0146
     -28.0140
     -28.0134
     -28.0128
     -28.0122
     -28.0116
     -28.0110
     -28.0104
     -28.0098
     -28.0092
     -28.0086
     -28.0080
     -28.0074
     -28.0068
     -28.0062
     -28.0056
     -28.0051
     -28.0045
     -28.0039
     -28.0033
     -28.0027
     -28.0021
     -28.0015
     -28.0009
     -28.0003
     -27.9997
     -27.9992
     -27.9986
     -27.9980
     -27.9974
     -27.9968
     -27.9962
     -27.9956
     -27.9951
     -27.9945
     -27.9939
     -27.9933
     -27.9927
     -27.9921
     -27.9916
     -27.9910
     -27.9904
     -27.9898
     -27.9893
     -27.9887
     -27.9881
     -27.9875
     -27.9869
     -27.9864
     -27.9858
     -27.9852
     -27.9846
     -27.9841
     -27.9835
     -27.9829
     -27.9823
     -27.9818
     -27.9812
     -27.9806
     -27.9801
     -27.9795
     -27.9789
     -27.9784
     -27.9778
     -27.9772
     -27.9767
     -27.9761
     -27.9755
     -27.9750
     -27.9744
     -27.9738
     -27.9733
     -27.9727
     -27.9721
     -27.9716
     -27.9710
     -27.9704
     -27.9699
     -27.9693
     -27.9688
     -27.9682
     -27.9676
     -27.9671
     -27.9665
     -27.9660
     -27.9654
     -27.9649
     -27.9643
     -27.9637
     -27.9632
     -27.9626
     -27.9621
     -27.9615
     -27.9610
     -27.9604
     -27.9599
     -27.9593
     -27.9588
     -27.9582
     -27.9577
     -27.9571
     -27.9566
     -27.9560
     -27.9555
     -27.9549
     -27.9544
     -27.9538
     -27.9533
     -27.9527
     -27.9522
     -27.9516
     -27.9511
     -27.9505
     -27.9500
     -27.9494
     -27.9489
     -27.9484
     -27.9478
     -27.9473
     -27.9467
     -27.9462
     -27.9456
     -27.9451
     -27.9446
     -27.9440
     -27.9435
     -27.9429
     -27.9424
     -27.9419
     -27.9413
     -27.9408
     -27.9403
     -27.9397
     -27.9392
     -27.9387
     -27.9381
     -27.9376
     -27.9371
     -27.9365
     -27.9360
     -27.9355
     -27.9349
     -27.9344
     -27.9339
     -27.9333
     -27.9328
     -27.9323
     -27.9317
     -27.9312
     -27.9307
     -27.9302
     -27.9296
     -27.9291
     -27.9286
     -27.9280
     -27.9275
     -27.9270
     -27.9265
     -27.9259
     -27.9254
     -27.9249
     -27.9244
     -27.9238
     -27.9233
     -27.9228
     -27.9223
     -27.9218
     -27.9212
     -27.9207
     -27.9202
     -27.9197
     -27.9192
     -27.9186
     -27.9181
     -27.9176
     -27.9171
     -27.9166
     -27.9161
     -27.9155
     -27.9150
     -27.9145
     -27.9140
     -27.9135
     -27.9130
     -27.9124
     -27.9119
     -27.9114
     -27.9109
     -27.9104
     -27.9099
     -27.9094
     -27.9089
     -27.9083
     -27.9078
     -27.9073
     -27.9068
     -27.9063
     -27.9058
     -27.9053
     -27.9048
     -27.9043
     -27.9038
     -27.9033
     -27.9028
     -27.9023
     -27.9017
     -27.9012
     -27.9007
     -27.9002
     -27.8997
     -27.8992
     -27.8987
     -27.8982
     -27.8977
     -27.8972
     -27.8967
     -27.8962
     -27.8957
     -27.8952
     -27.8947
     -27.8942
     -27.8937
     -27.8932
     -27.8927
     -27.8922
     -27.8917
     -27.8912
     -27.8907
     -27.8902
     -27.8897
     -27.8892
     -27.8887
     -27.8882
     -27.8877
     -27.8873
     -27.8868
     -27.8863
     -27.8858
     -27.8853
     -27.8848
     -27.8843
     -27.8838
     -27.8833
     -27.8828
     -27.8823
     -27.8818
     -27.8814
     -27.8809
     -27.8804
     -27.8799
     -27.8794
     -27.8789
     -27.8784
     -27.8779
     -27.8774
     -27.8770
     -27.8765
     -27.8760
     -27.8755
     -27.8750
     -27.8745
     -27.8740
     -27.8736
     -27.8731
     -27.8726
     -27.8721
     -27.8716
     -27.8711
     -27.8707
     -27.8702
     -27.8697
     -27.8692
     -27.8687
     -27.8683
     -27.8678
     -27.8673
     -27.8668
     -27.8663
     -27.8659
     -27.8654
     -27.8649
     -27.8644
     -27.8640
     -27.8635
     -27.8630
     -27.8625
     -27.8621
     -27.8616
     -27.8611
     -27.8606
     -27.8602
     -27.8597
     -27.8592
     -27.8587
     -27.8583
     -27.8578
     -27.8573
     -27.8568
     -27.8564
     -27.8559
     -27.8554
     -27.8550
     -27.8545
     -27.8540
     -27.8536
     -27.8531
     -27.8526
     -27.8521
     -27.8517
     -27.8512
     -27.8507
     -27.8503
     -27.8498
     -27.8493
     -27.8489
     -27.8484
     -27.8479
     -27.8475
     -27.8470
     -27.8466
     -27.8461
     -27.8456
     -27.8452
     -27.8447
     -27.8442
     -27.8438
     -27.8433
     -27.8428
     -27.8424
     -27.8419
     -27.8415
     -27.8410
     -27.8405
     -27.8401
     -27.8396
     -27.8392
     -27.8387
     -27.8383
     -27.8378
     -27.8373
     -27.8369
     -27.8364
     -27.8360
     -27.8355
     -27.8351
     -27.8346
     -27.8341
     -27.8337
     -27.8332
     -27.8328
     -27.8323
     -27.8319
     -27.8314
     -27.8310
     -27.8305
     -27.8301
     -27.8296
     -27.8291
     -27.8287
     -27.8282
     -27.8278
     -27.8273
     -27.8269
     -27.8264
     -27.8260
     -27.8255
     -27.8251
     -27.8246
     -27.8242
     -27.8237
     -27.8233
     -27.8229
     -27.8224
     -27.8220
     -27.8215
     -27.8211
     -27.8206
     -27.8202
     -27.8197
     -27.8193
     -27.8188
     -27.8184
     -27.8179
     -27.8175
     -27.8171
     -27.8166
     -27.8162
     -27.8157
     -27.8153
     -27.8148
     -27.8144
     -27.8140
     -27.8135
     -27.8131
     -27.8126
     -27.8122
     -27.8118
     -27.8113
     -27.8109
     -27.8104
     -27.8100
     -27.8096
     -27.8091
     -27.8087
     -27.8083
     -27.8078
     -27.8074
     -27.8069
     -27.8065
     -27.8061
     -27.8056
     -27.8052
     -27.8048
     -27.8043
     -27.8039
     -27.8035
     -27.8030
     -27.8026
     -27.8022
     -27.8017
     -27.8013
     -27.8009
     -27.8004
     -27.8000
     -27.7996
     -27.7991
     -27.7987
     -27.7983
     -27.7978
     -27.7974
     -27.7970
     -27.7965
     -27.7961
     -27.7957
     -27.7953
     -27.7948
     -27.7944
     -27.7940
     -27.7935
     -27.7931
     -27.7927
     -27.7923
     -27.7918
     -27.7914
     -27.7910
     -27.7906
     -27.7901
     -27.7897
     -27.7893
     -27.7889
     -27.7884
     -27.7880
     -27.7876
     -27.7872
     -27.7867
     -27.7863
     -27.7859
     -27.7855
     -27.7850
     -27.7846
     -27.7842
     -27.7838
     -27.7834
     -27.7829
     -27.7825
     -27.7821
     -27.7817
     -27.7813
     -27.7808
     -27.7804
     -27.7800
     -27.7796
     -27.7792
     -27.7787
     -27.7783
     -27.7779
     -27.7775
     -27.7771
     -27.7767
     -27.7762
     -27.7758
     -27.7754
     -27.7750
     -27.7746
     -27.7742
     -27.7737
     -27.7733
     -27.7729
     -27.7725
     -27.7721
     -27.7717
     -27.7713
     -27.7708
     -27.7704
     -27.7700
     -27.7696
     -27.7692
     -27.7688
     -27.7684
     -27.7680
     -27.7675
     -27.7671
     -27.7667
     -27.7663
     -27.7659
     -27.7655
     -27.7651
     -27.7647
     -27.7643
     -27.7639
     -27.7635
     -27.7630
     -27.7626
     -27.7622
     -27.7618
     -27.7614
     -27.7610
     -27.7606
     -27.7602
     -27.7598
     -27.7594
     -27.7590
     -27.7586
     -27.7582
     -27.7578
     -27.7574
     -27.7569
     -27.7565
     -27.7561
     -27.7557
     -27.7553
     -27.7549
     -27.7545
     -27.7541
     -27.7537
     -27.7533
     -27.7529
     -27.7525
     -27.7521
     -27.7517
     -27.7513
     -27.7509
     -27.7505
     -27.7501
     -27.7497
     -27.7493
     -27.7489
     -27.7485
     -27.7481
     -27.7477
     -27.7473
     -27.7469
     -27.7465
     -27.7461
     -27.7457
     -27.7453
     -27.7449
     -27.7445
     -27.7441
     -27.7437
     -27.7433
     -27.7429
     -27.7426
     -27.7422
     -27.7418
     -27.7414
     -27.7410
     -27.7406
     -27.7402
     -27.7398
     -27.7394
     -27.7390
     -27.7386
     -27.7382
     -27.7378
     -27.7374
     -27.7370
     -27.7366
     -27.7363
     -27.7359
     -27.7355
     -27.7351
     -27.7347
     -27.7343
     -27.7339
     -27.7335
     -27.7331
     -27.7327
     -27.7324
     -27.7320
     -27.7316
     -27.7312
     -27.7308
     -27.7304
     -27.7300
     -27.7296
     -27.7292
     -27.7289
     -27.7285
     -27.7281
     -27.7277
     -27.7273
     -27.7269
     -27.7265
     -27.7262
     -27.7258
     -27.7254
     -27.7250
     -27.7246
     -27.7242
     -27.7238
     -27.7235
     -27.7231
     -27.7227
     -27.7223
     -27.7219
     -27.7215
     -27.7212
     -27.7208
     -27.7204
     -27.7200
     -27.7196
     -27.7192
     -27.7189
     -27.7185
     -27.7181
     -27.7177
     -27.7173
     -27.7170
     -27.7166
     -27.7162
     -27.7158
     -27.7154
     -27.7151
     -27.7147
     -27.7143
     -27.7139
     -27.7135
     -27.7132
     -27.7128
     -27.7124
     -27.7120
     -27.7117
     -27.7113
     -27.7109
     -27.7105
     -27.7102
     -27.7098
     -27.7094
     -27.7090
     -27.7087
     -27.7083
     -27.7079
     -27.7075
     -27.7072
     -27.7068
     -27.7064
     -27.7060
     -27.7057
     -27.7053
     -27.7049
     -27.7045
     -27.7042
     -27.7038
     -27.7034
     -27.7030
     -27.7027
     -27.7023
     -27.7019
     -27.7016
     -27.7012
